 //from geojson:
// ---NT and Kowloon---
nt + kln: 
        "coordinates": [
          [
            113.8986374,
            22.410401
          ],
          [
            113.9961399,
            22.4853013
          ],
          [
            114.0189327,
            22.4771111
          ],
          [
            114.0328616,
            22.5075296
          ],
          [
            114.0505894,
            22.5028502
          ],
          [
            114.1316304,
            22.54145
          ],
          [
            114.1645533,
            22.5613305
          ],
          [
            114.2228016,
            22.5472975
          ],
          [
            114.2177365,
            22.527415
          ],
          [
            114.2493932,
            22.546128
          ],
          [
            114.3367656,
            22.5040201
          ],
          [
            114.2658546,
            22.4654099
          ],
          [
            114.2797836,
            22.4899812
          ],
          [
            114.2126715,
            22.4700905
          ],
          [
            114.1835473,
            22.4478562
          ],
          [
            114.2139377,
            22.4256184
          ],
          [
            114.2848486,
            22.4431748
          ],
          [
            114.315239,
            22.4747709
          ],
          [
            114.4000789,
            22.4314708
          ],
          [
            114.4076765,
            22.4115716
          ],
          [
            114.3785524,
            22.4209363
          ],
          [
            114.367156,
            22.3975234
          ],
          [
            114.3937475,
            22.3869863
          ],
          [
            114.3595584,
            22.3284324
          ],
          [
            114.3190378,
            22.3881571
          ],
          [
            114.2810498,
            22.3916696
          ],
          [
            114.2937125,
            22.3776193
          ],
          [
            114.2607896,
            22.3600546
          ],
          [
            114.3241029,
            22.302661
          ],
          [
            114.2899137,
            22.2827434
          ],
          [
            114.3051089,
            22.2651667
          ],
          [
            114.2683872,
            22.2686822
          ],
          [
            114.2645884,
            22.3003179
          ],
          [
            114.2481269,
            22.2979747
          ],
          [
            114.2367305,
            22.2850868
          ],
          [
            114.1974763,
            22.3143759
          ],
          [
            114.1708847,
            22.2944599
          ],
          [
            114.1518907,
            22.302661
          ],
          [
            114.1050388,
            22.3694227
          ],
          [
            114.0239978,
            22.3541992
          ],
          [
            113.9771459,
            22.3776193
          ],
          [
            113.944223,
            22.3588835
          ],
          [
            113.9125663,
            22.3752775
          ],
          [
            113.9150989,
            22.4010356
          ],
          [
            113.8986374,
            22.410401
          ]
        ]

// ---hk island---
hk island:
       "coordinates": [
          [
            114.1160659,
            22.2803876
          ],
          [
            114.1452653,
            22.2905634
          ],
          [
            114.180532,
            22.2828439
          ],
          [
            114.2040432,
            22.2937212
          ],
          [
            114.2336218,
            22.2831948
          ],
          [
            114.2575122,
            22.2617886
          ],
          [
            114.2484111,
            22.2438892
          ],
          [
            114.2575122,
            22.2092069
          ],
          [
            114.2444014,
            22.2074719
          ],
          [
            114.2346969,
            22.2408397
          ],
          [
            114.2249923,
            22.2429784
          ],
          [
            114.2296135,
            22.2314291
          ],
          [
            114.2231438,
            22.2310013
          ],
          [
            114.2148256,
            22.2224456
          ],
          [
            114.2231438,
            22.2147451
          ],
          [
            114.2230262,
            22.1979706
          ],
          [
            114.2117751,
            22.1960173
          ],
          [
            114.2103687,
            22.2168505
          ],
          [
            114.1984144,
            22.2103405
          ],
          [
            114.1941952,
            22.2370297
          ],
          [
            114.1836473,
            22.2441894
          ],
          [
            114.1723962,
            22.2292187
          ],
          [
            114.1604419,
            22.2461419
          ],
          [
            114.1330173,
            22.2487453
          ],
          [
            114.1160659,
            22.2803876
          ]
        ]
      
// ---lamma island---
lamma island,hk:
        "coordinates": [
          [
            114.1182503,
            22.240935
          ],
          [
            114.1337205,
            22.2155485
          ],
          [
            114.1273918,
            22.2057832
          ],
          [
            114.1548163,
            22.2096894
          ],
          [
            114.1442684,
            22.1960173
          ],
          [
            114.1470812,
            22.1836461
          ],
          [
            114.1358301,
            22.1914596
          ],
          [
            114.1295014,
            22.1816927
          ],
          [
            114.1154375,
            22.1823439
          ],
          [
            114.121063,
            22.2175015
          ],
          [
            114.1119215,
            22.2201054
          ],
          [
            114.1048896,
            22.2109915
          ],
          [
            114.1084056,
            22.2344261
          ],          [
            114.1182503,
            22.240935
          ]
        ]

// ---大嶼山及vhhh ---
lantau + vhhh:
        "coordinates": [
          [
            113.8362695,
            22.2305206
          ],
          [
            113.8946346,
            22.2890916
          ],
          [
            113.9171368,
            22.2897422
          ],
          [
            113.9333103,
            22.2812835
          ],
          [
            113.9368263,
            22.2916941
          ],
          [
            113.8932282,
            22.2968992
          ],
          [
            113.8790595,
            22.3211245
          ],
          [
            113.9182888,
            22.3345165
          ],
          [
            113.9421066,
            22.3176682
          ],
          [
            113.9369694,
            22.2969291
          ],
          [
            113.9425736,
            22.2934723
          ],
          [
            113.9607872,
            22.3051387
          ],
          [
            113.9775998,
            22.3042746
          ],
          [
            114.0467181,
            22.3453156
          ],
          [
            114.0569924,
            22.3384043
          ],
          [
            114.0546573,
            22.3085953
          ],
          [
            114.0369107,
            22.3064349
          ],
          [
            114.0172961,
            22.3090273
          ],
          [
            114.0224332,
            22.2926081
          ],
          [
            114.0200982,
            22.2645181
          ],
          [
            114.0028186,
            22.273594
          ],
          [
            113.9981484,
            22.2692722
          ],
          [
            114.0130929,
            22.254145
          ],
          [
            113.9958134,
            22.2429066
          ],
          [
            114.0177631,
            22.2286412
          ],
          [
            114.0023516,
            22.216536
          ],
          [
            113.9827369,
            22.2156713
          ],
          [
            113.9832039,
            22.224318
          ],
          [
            113.9719956,
            22.2394484
          ],
          [
            113.9182888,
            22.2208594
          ],
          [
            113.9304312,
            22.2169684
          ],
          [
            113.9304312,
            22.2104831
          ],
          [
            113.9117506,
            22.2083212
          ],
          [
            113.8912019,
            22.2212917
          ],
          [
            113.8496375,
            22.1983764
          ],          [
            113.8362695,
            22.2305206
          ]
        ]

// ---深圳蛇口往北 至 深圳福田海岸線---
SHENZHEN_COAST
        "coordinates": [
          [
            113.4641106,
            23.0884399
          ],
          [
            113.8387505,
            22.5685008
          ],
          [
            113.8844988,
            22.4508274
          ],
          [
            113.9445996,
            22.4906155
          ],
          [
            113.9499817,
            22.5221063
          ],
          [
            114.0073914,
            22.5237635
          ],
          [
            114.0380297,
            22.507513
          ]
        ]


// ---珠海澳門海岸線---
ZHUHAI_MACAU[] :

      "coordinates": [
          [
            113.4641106,
            23.0884399
          ],
          [
            113.5910305,
            22.8112516
          ],
          [
            113.7038972,
            22.5772848
          ],
          [
            113.6077515,
            22.3197197
          ],
          [
            113.5709048,
            22.2285769
          ],
          [
            113.5838376,
            22.1980512
          ],
          [
            113.5406593,
            22.1757087
          ],
          [
            113.5787578,
            22.1745327
          ],
          [
            113.5914573,
            22.1321895
          ],
          [
            113.5038307,
            22.0580583
          ],
          [
            113.375784,
            21.9875151
          ],
          [
            113.2603742,
            22.0310401
          ],
          [
            113.2916717,
            21.9167584
          ],
          [
            113.0527546,
            21.7785678
          ]
        ]
